rowNum:30
4 6 3 5
4 5 3 4
4 4 2 5
3 2 1 1 2
3 1 3 1 3 3
5 1 3 1 6
6 3 1 1 7
15 7
3 5 5 6 2
3 5 3 1 5 3
2 1 3 7 2
1 3 7 1
3 4 2
5 3
3 7 2
3 1 4 4
3 2 3 1 5
3 3 6
2 3 5 6
1 3 6 3 1 1
1 2 6 3 4
1 2 4 5 2
3 3 12
3 3 10
3 1 1 10
3 1 4 1
4 1 6 3
4 2 4 6
5 17
5 1 10
colNum:30
6 1 1 3 7
6 3 3 4
11 12
3 4 1 4
3 1 1
3 2 4
3 6 5
3 4 1 4
3 5 4 4
2 4 2 3 2
1 7 1 5
2 4
4 3 2
3 3 1 3 2
7 4 2 1 2
3 3 4 2 1 1
9 4 1 4
2 8 4
5 1 1 4
1 5 1 3 1 4
8 3 3 2
10 3 3 2
1 10 7 2
2 10 2 5 2
3 4 13 4
3 4 4 9
5 3 4 5 4
3 2 6 3 3
1 2 1 2 5 3
3 1 5 3
